%YAML:1.0
---
K: !!opencv-matrix
   rows: 3
   cols: 3
   dt: d
   data: [ 1.0461668620866910e+03, 0., 6.7710088941941194e+02, 0.,
       1.0529236874905187e+03, 2.7516802601785577e+02, 0., 0., 1. ]
D: !!opencv-matrix
   rows: 1
   cols: 5
   dt: d
   data: [ 1.1356414049108751e-01, -1.6977782049563145e-01,
       -2.7306937963162799e-02, 1.1342139380042573e-02,
       1.2583458899685296e-01 ]
