%YAML:1.0
---
K: !!opencv-matrix
   rows: 3
   cols: 3
   dt: d
   data: [ 228.5037, 0., 160.5, 0.,
      228.5037, 120.5, 0., 0., 1. ]
D: !!opencv-matrix
   rows: 1
   cols: 5
   dt: d
   data: [ 0, 0,
       0, 0,
       0 ]
