%YAML:1.0
---
K: !!opencv-matrix
   rows: 3
   cols: 3
   dt: d
   data: [ 6.2814980044230026e+02, 0., 3.1227457503467019e+02, 0.,
       6.2843051859894661e+02, 2.3398661741621260e+02, 0., 0., 1. ]
D: !!opencv-matrix
   rows: 1
   cols: 5
   dt: d
   data: [ 1.0523862238866447e-01, -2.8337487141585651e-02,
       -1.8494430064518968e-03, -1.1490435480280791e-03,
       -2.9275624776636771e+00 ]
